1 10 50
1 3 50
1 4 950
1 7 600
1 8 600
2 1 850
2 2 350
2 4 800
2 6 500
2 7 750
2 8 350
2 9 300
3 5 550
3 6 200
3 9 950
4 2 200
4 4 800
4 5 950
4 7 200
4 9 400
4 10 450
5 4 800
5 5 50
5 7 900
5 8 550
5 10 850
6 1 600
6 2 300
6 3 300
6 4 50
6 6 800
6 7 750
7 3 100
7 4 700
7 5 800
7 7 900
7 9 700
7 10 850
8 2 450
8 3 200
8 4 250
8 5 200
9 1 450
9 5 950
9 8 350
9 9 850
10 1 100
10 3 150
10 7 700
10 8 950
10 9 650
4 6 50
1 3 50
1 4 950
1 7 600
1 8 600
2 1 850
2 2 350
2 4 800
2 6 500
2 7 750
2 8 350
2 9 300
3 5 550
3 6 200
3 9 950
4 2 200
4 4 800
4 5 950
4 7 200
4 9 400
4 10 450
5 4 800
5 5 50
5 7 900
5 8 550
5 10 850
6 1 600
6 2 300
6 3 300
6 4 50
6 6 800
6 7 750
7 3 100
7 4 700
7 5 800
7 7 900
7 9 700
7 10 850
8 2 450
8 3 200
8 4 250
8 5 200
9 1 450
9 5 950
9 8 350
9 9 850
10 1 100
10 3 150
10 7 700
10 8 950
10 9 650
